 frame 	 train 	 tail 	 loops 	 rate 
   1   	  107  	  16  	  60   	0.41530054644808745
   2   	  111  	  8   	  64   	0.39344262295081966
   3   	  116  	  5   	  62   	0.366120218579235
   4   	  105  	  3   	  75   	0.4262295081967213
   5   	  119  	  3   	  61   	0.34972677595628415
   6   	  100  	  11  	  72   	0.453551912568306
   7   	  109  	  5   	  69   	0.40437158469945356
   8   	  114  	  12  	  57   	0.3770491803278688
   9   	  117  	  2   	  64   	0.36065573770491804
  10   	  108  	  10  	  65   	0.4098360655737705
  11   	  108  	  3   	  72   	0.4098360655737705
  12   	  113  	  4   	  66   	0.3825136612021858
  13   	  98   	  3   	  82   	0.4644808743169399
  14   	  103  	  5   	  75   	0.4371584699453552
  15   	  102  	  4   	  77   	0.4426229508196721
  16   	  120  	  11  	  52   	0.3442622950819672
  17   	  108  	  12  	  63   	0.4098360655737705
  18   	  90   	  16  	  77   	0.5081967213114754
  19   	  119  	  6   	  58   	0.34972677595628415
  20   	  111  	  3   	  69   	0.39344262295081966
  21   	  121  	  6   	  56   	0.33879781420765026
  22   	  100  	  8   	  75   	0.453551912568306
  23   	  114  	  5   	  64   	0.3770491803278688
  24   	  116  	  3   	  64   	0.366120218579235
  25   	  118  	  9   	  56   	0.3551912568306011
  26   	  105  	  6   	  72   	0.4262295081967213
  27   	  114  	  4   	  65   	0.3770491803278688
  28   	  118  	  8   	  57   	0.3551912568306011
  29   	  117  	  10  	  56   	0.36065573770491804
  30   	  106  	  2   	  75   	0.4207650273224044
  31   	  115  	  8   	  60   	0.37158469945355194
  32   	  112  	  2   	  69   	0.3879781420765027
  33   	  104  	  5   	  74   	0.43169398907103823
  34   	  116  	  6   	  61   	0.366120218579235
  35   	  112  	  9   	  62   	0.3879781420765027
  36   	  100  	  14  	  69   	0.453551912568306
  37   	  94   	  6   	  83   	0.48633879781420764
  38   	  112  	  6   	  65   	0.3879781420765027
  39   	  120  	  9   	  54   	0.3442622950819672
  40   	  109  	  0   	  74   	0.40437158469945356
  41   	  114  	  1   	  68   	0.3770491803278688
  42   	  116  	  1   	  66   	0.366120218579235
  43   	  110  	  5   	  68   	0.3989071038251366
  44   	  115  	  5   	  63   	0.37158469945355194
  45   	  109  	  10  	  64   	0.40437158469945356
  46   	  95   	  9   	  79   	0.4808743169398907
  47   	  108  	  9   	  66   	0.4098360655737705
  48   	  114  	  6   	  63   	0.3770491803278688
  49   	  116  	  5   	  62   	0.366120218579235
  50   	  106  	  8   	  69   	0.4207650273224044
  51   	  109  	  11  	  63   	0.40437158469945356
  52   	  108  	  3   	  72   	0.4098360655737705
  53   	  117  	  1   	  65   	0.36065573770491804
  54   	  118  	  5   	  60   	0.3551912568306011
  55   	  110  	  6   	  67   	0.3989071038251366
  56   	  111  	  12  	  60   	0.39344262295081966
  57   	  114  	  11  	  58   	0.3770491803278688
  58   	  120  	  4   	  59   	0.3442622950819672
  59   	  112  	  7   	  64   	0.3879781420765027
  60   	  112  	  8   	  63   	0.3879781420765027
  61   	  123  	  13  	  47   	0.32786885245901637
  62   	  109  	  14  	  60   	0.40437158469945356
  63   	  118  	  7   	  58   	0.3551912568306011
  64   	  114  	  1   	  68   	0.3770491803278688
  65   	  112  	  3   	  68   	0.3879781420765027
  66   	  107  	  5   	  71   	0.41530054644808745
  67   	  121  	  2   	  60   	0.33879781420765026
  68   	  128  	  1   	  54   	0.3005464480874317
  69   	  118  	  5   	  60   	0.3551912568306011
  70   	  105  	  6   	  72   	0.4262295081967213
  71   	  115  	  5   	  63   	0.37158469945355194
  72   	  119  	  2   	  62   	0.34972677595628415
  73   	  114  	  5   	  64   	0.3770491803278688
  74   	  117  	  2   	  64   	0.36065573770491804
  75   	  102  	  5   	  76   	0.4426229508196721
  76   	  100  	  3   	  80   	0.453551912568306
  77   	  101  	  5   	  77   	0.44808743169398907
  78   	  108  	  4   	  71   	0.4098360655737705
  79   	  105  	  7   	  71   	0.4262295081967213
  80   	  115  	  5   	  63   	0.37158469945355194
  81   	  110  	  6   	  67   	0.3989071038251366
  82   	  108  	  11  	  64   	0.4098360655737705
  83   	  97   	  8   	  78   	0.46994535519125685
  84   	  109  	  1   	  73   	0.40437158469945356
  85   	  103  	  22  	  58   	0.4371584699453552
  86   	  111  	  1   	  71   	0.39344262295081966
  87   	  104  	  6   	  73   	0.43169398907103823
  88   	  105  	  12  	  66   	0.4262295081967213
  89   	  96   	  8   	  79   	0.47540983606557374
  90   	  104  	  11  	  68   	0.43169398907103823
  91   	  120  	  5   	  58   	0.3442622950819672
  92   	  101  	  6   	  76   	0.44808743169398907
  93   	  106  	  4   	  73   	0.4207650273224044
  94   	  110  	  12  	  61   	0.3989071038251366
  95   	  114  	  4   	  65   	0.3770491803278688
  96   	  118  	  3   	  62   	0.3551912568306011
  97   	  106  	  5   	  72   	0.4207650273224044
  98   	  102  	  6   	  75   	0.4426229508196721
  99   	  117  	  0   	  66   	0.36065573770491804
  100  	  109  	  7   	  67   	0.40437158469945356
  101  	  121  	  1   	  61   	0.33879781420765026
  102  	  115  	  4   	  64   	0.37158469945355194
  103  	  102  	  16  	  65   	0.4426229508196721
  104  	  102  	  7   	  74   	0.4426229508196721
  105  	  110  	  13  	  60   	0.3989071038251366
  106  	  133  	  3   	  47   	0.273224043715847
  107  	  123  	  3   	  57   	0.32786885245901637
  108  	  101  	  8   	  74   	0.44808743169398907
  109  	  103  	  1   	  79   	0.4371584699453552
  110  	  113  	  5   	  65   	0.3825136612021858
  111  	  104  	  4   	  75   	0.43169398907103823
  112  	  106  	  10  	  67   	0.4207650273224044
  113  	  104  	  5   	  74   	0.43169398907103823
  114  	  111  	  2   	  70   	0.39344262295081966
  115  	  113  	  4   	  66   	0.3825136612021858
  116  	  93   	  29  	  61   	0.4918032786885246
  117  	  120  	  13  	  50   	0.3442622950819672
  118  	  107  	  4   	  72   	0.41530054644808745
  119  	  116  	  7   	  60   	0.366120218579235
  120  	  101  	  17  	  65   	0.44808743169398907
  121  	  108  	  14  	  61   	0.4098360655737705
  122  	  114  	  9   	  60   	0.3770491803278688
  123  	  103  	  6   	  74   	0.4371584699453552
  124  	  96   	  5   	  82   	0.47540983606557374
  125  	  114  	  6   	  63   	0.3770491803278688
  126  	  111  	  7   	  65   	0.39344262295081966
  127  	  104  	  5   	  74   	0.43169398907103823
  128  	  117  	  1   	  65   	0.36065573770491804
  129  	  98   	  16  	  69   	0.4644808743169399
  130  	  102  	  19  	  62   	0.4426229508196721
  131  	  105  	  9   	  69   	0.4262295081967213
  132  	  94   	  7   	  82   	0.48633879781420764
  133  	  106  	  9   	  68   	0.4207650273224044
  134  	  102  	  4   	  77   	0.4426229508196721
  135  	  97   	  10  	  76   	0.46994535519125685
  136  	  105  	  2   	  76   	0.4262295081967213
  137  	  120  	  10  	  53   	0.3442622950819672
  138  	  106  	  15  	  62   	0.4207650273224044
  139  	  125  	  4   	  54   	0.31693989071038253
  140  	  126  	  2   	  55   	0.3114754098360656
  141  	  98   	  4   	  81   	0.4644808743169399
  142  	  102  	  10  	  71   	0.4426229508196721
  143  	  108  	  5   	  70   	0.4098360655737705
  144  	  120  	  2   	  61   	0.3442622950819672
  145  	  112  	  12  	  59   	0.3879781420765027
  146  	  129  	  5   	  49   	0.29508196721311475
  147  	  113  	  5   	  65   	0.3825136612021858
  148  	  101  	  14  	  68   	0.44808743169398907
  149  	  107  	  11  	  65   	0.41530054644808745
  150  	  103  	  7   	  73   	0.4371584699453552
  151  	  101  	  3   	  79   	0.44808743169398907
  152  	  93   	  8   	  82   	0.4918032786885246
  153  	  111  	  5   	  67   	0.39344262295081966
  154  	  111  	  13  	  59   	0.39344262295081966
  155  	  105  	  16  	  62   	0.4262295081967213
  156  	  109  	  8   	  66   	0.40437158469945356
  157  	  102  	  10  	  71   	0.4426229508196721
  158  	  103  	  2   	  78   	0.4371584699453552
  159  	  114  	  3   	  66   	0.3770491803278688
  160  	  104  	  2   	  77   	0.43169398907103823
  161  	  125  	  5   	  53   	0.31693989071038253
  162  	  114  	  6   	  63   	0.3770491803278688
  163  	  110  	  14  	  59   	0.3989071038251366
  164  	  112  	  9   	  62   	0.3879781420765027
  165  	  104  	  3   	  76   	0.43169398907103823
  166  	  112  	  6   	  65   	0.3879781420765027
  167  	  115  	  7   	  61   	0.37158469945355194
  168  	  107  	  12  	  64   	0.41530054644808745
  169  	  114  	  5   	  64   	0.3770491803278688
  170  	  122  	  11  	  50   	0.3333333333333333
  171  	  118  	  9   	  56   	0.3551912568306011
  172  	  108  	  8   	  67   	0.4098360655737705
  173  	  124  	  7   	  52   	0.3224043715846995
  174  	  110  	  6   	  67   	0.3989071038251366
  175  	  116  	  8   	  59   	0.366120218579235
  176  	  110  	  13  	  60   	0.3989071038251366
  177  	  114  	  6   	  63   	0.3770491803278688
  178  	  121  	  2   	  60   	0.33879781420765026
  179  	  114  	  7   	  62   	0.3770491803278688
  180  	  113  	  7   	  63   	0.3825136612021858
  181  	  115  	  8   	  60   	0.37158469945355194
  182  	  114  	  12  	  57   	0.3770491803278688
  183  	  114  	  7   	  62   	0.3770491803278688
  184  	  122  	  4   	  57   	0.3333333333333333
  185  	  112  	  6   	  65   	0.3879781420765027
  186  	  104  	  6   	  73   	0.43169398907103823
  187  	  100  	  16  	  67   	0.453551912568306
  188  	  113  	  1   	  69   	0.3825136612021858
  189  	  113  	  5   	  65   	0.3825136612021858
  190  	  120  	  11  	  52   	0.3442622950819672
  191  	  101  	  5   	  77   	0.44808743169398907
  192  	  98   	  6   	  79   	0.4644808743169399
  193  	  110  	  13  	  60   	0.3989071038251366
  194  	  111  	  4   	  68   	0.39344262295081966
  195  	  107  	  0   	  76   	0.41530054644808745
  196  	  111  	  2   	  70   	0.39344262295081966
  197  	  110  	  5   	  68   	0.3989071038251366
  198  	  110  	  3   	  70   	0.3989071038251366
  199  	  117  	  5   	  61   	0.36065573770491804
  200  	  99   	  14  	  70   	0.45901639344262296
  201  	  102  	  12  	  69   	0.4426229508196721
  202  	  114  	  6   	  63   	0.3770491803278688
  203  	  97   	  12  	  74   	0.46994535519125685
  204  	  114  	  3   	  66   	0.3770491803278688
  205  	  105  	  6   	  72   	0.4262295081967213
  206  	  105  	  11  	  67   	0.4262295081967213
  207  	  117  	  10  	  56   	0.36065573770491804
  208  	  116  	  0   	  67   	0.366120218579235
  209  	  116  	  3   	  64   	0.366120218579235
  210  	  103  	  20  	  60   	0.4371584699453552
  211  	  102  	  8   	  73   	0.4426229508196721
  212  	  111  	  12  	  60   	0.39344262295081966
  213  	  105  	  10  	  68   	0.4262295081967213
  214  	  102  	  7   	  74   	0.4426229508196721
  215  	  109  	  6   	  68   	0.40437158469945356
  216  	  115  	  1   	  67   	0.37158469945355194
  217  	  112  	  6   	  65   	0.3879781420765027
  218  	  91   	  24  	  68   	0.5027322404371585
  219  	  117  	  13  	  53   	0.36065573770491804
  220  	  96   	  11  	  76   	0.47540983606557374
  221  	  111  	  3   	  69   	0.39344262295081966
  222  	  121  	  2   	  60   	0.33879781420765026
  223  	  119  	  7   	  57   	0.34972677595628415
  224  	  119  	  14  	  50   	0.34972677595628415
  225  	  118  	  13  	  52   	0.3551912568306011
  226  	  122  	  1   	  60   	0.3333333333333333
  227  	  117  	  5   	  61   	0.36065573770491804
  228  	  119  	  5   	  59   	0.34972677595628415
  229  	  96   	  3   	  84   	0.47540983606557374
  230  	  114  	  7   	  62   	0.3770491803278688
  231  	  115  	  0   	  68   	0.37158469945355194
  232  	  125  	  12  	  46   	0.31693989071038253
  233  	  105  	  8   	  70   	0.4262295081967213
  234  	  106  	  2   	  75   	0.4207650273224044
  235  	  102  	  13  	  68   	0.4426229508196721
  236  	  114  	  9   	  60   	0.3770491803278688
  237  	  96   	  7   	  80   	0.47540983606557374
  238  	  111  	  6   	  66   	0.39344262295081966
  239  	  118  	  0   	  65   	0.3551912568306011
  240  	  116  	  10  	  57   	0.366120218579235
  241  	  127  	  3   	  53   	0.30601092896174864
  242  	  108  	  5   	  70   	0.4098360655737705
  243  	  114  	  7   	  62   	0.3770491803278688
  244  	  118  	  1   	  64   	0.3551912568306011
  245  	  116  	  2   	  65   	0.366120218579235
  246  	  113  	  7   	  63   	0.3825136612021858
  247  	  107  	  16  	  60   	0.41530054644808745
  248  	  118  	  4   	  61   	0.3551912568306011
  249  	  108  	  2   	  73   	0.4098360655737705
  250  	  124  	  8   	  51   	0.3224043715846995
  251  	  99   	  6   	  78   	0.45901639344262296
  252  	  111  	  2   	  70   	0.39344262295081966
  253  	  110  	  12  	  61   	0.3989071038251366
  254  	  115  	  1   	  67   	0.37158469945355194
  255  	  106  	  10  	  67   	0.4207650273224044
  256  	  100  	  4   	  79   	0.453551912568306
  257  	  126  	  7   	  50   	0.3114754098360656
  258  	  113  	  5   	  65   	0.3825136612021858
  259  	  107  	  7   	  69   	0.41530054644808745
  260  	  112  	  4   	  67   	0.3879781420765027
  261  	  95   	  16  	  72   	0.4808743169398907
  262  	  114  	  5   	  64   	0.3770491803278688
  263  	  89   	  12  	  82   	0.5136612021857924
  264  	  104  	  13  	  66   	0.43169398907103823
  265  	  104  	  14  	  65   	0.43169398907103823
  266  	  116  	  12  	  55   	0.366120218579235
  267  	  105  	  0   	  78   	0.4262295081967213
  268  	  113  	  8   	  62   	0.3825136612021858
  269  	  101  	  19  	  63   	0.44808743169398907
  270  	  115  	  1   	  67   	0.37158469945355194
  271  	  110  	  2   	  71   	0.3989071038251366
  272  	  112  	  8   	  63   	0.3879781420765027
  273  	  103  	  10  	  70   	0.4371584699453552
  274  	  103  	  5   	  75   	0.4371584699453552
  275  	  115  	  4   	  64   	0.37158469945355194
  276  	  107  	  9   	  67   	0.41530054644808745
  277  	  116  	  1   	  66   	0.366120218579235
  278  	  99   	  13  	  71   	0.45901639344262296
  279  	  95   	  7   	  81   	0.4808743169398907
  280  	  98   	  6   	  79   	0.4644808743169399
  281  	  104  	  14  	  65   	0.43169398907103823
  282  	  108  	  16  	  59   	0.4098360655737705
  283  	  120  	  7   	  56   	0.3442622950819672
  284  	  99   	  17  	  67   	0.45901639344262296
  285  	  110  	  5   	  68   	0.3989071038251366
  286  	  108  	  8   	  67   	0.4098360655737705
  287  	  101  	  6   	  76   	0.44808743169398907
  288  	  108  	  8   	  67   	0.4098360655737705
  289  	  108  	  1   	  74   	0.4098360655737705
  290  	  114  	  12  	  57   	0.3770491803278688
  291  	  117  	  7   	  59   	0.36065573770491804
  292  	  108  	  1   	  74   	0.4098360655737705
  293  	  112  	  7   	  64   	0.3879781420765027
  294  	  104  	  4   	  75   	0.43169398907103823
  295  	  107  	  1   	  75   	0.41530054644808745
  296  	  110  	  4   	  69   	0.3989071038251366
  297  	  118  	  4   	  61   	0.3551912568306011
  298  	  126  	  5   	  52   	0.3114754098360656
  299  	  121  	  3   	  59   	0.33879781420765026
  300  	  117  	  6   	  60   	0.36065573770491804
  301  	  112  	  4   	  67   	0.3879781420765027
  302  	  109  	  1   	  73   	0.40437158469945356
  303  	  109  	  14  	  60   	0.40437158469945356
  304  	  105  	  9   	  69   	0.4262295081967213
  305  	  121  	  2   	  60   	0.33879781420765026
  306  	  109  	  3   	  71   	0.40437158469945356
  307  	  97   	  3   	  83   	0.46994535519125685
  308  	  119  	  2   	  62   	0.34972677595628415
  309  	  107  	  19  	  57   	0.41530054644808745
  310  	  115  	  9   	  59   	0.37158469945355194
  311  	  119  	  7   	  57   	0.34972677595628415
  312  	  122  	  14  	  47   	0.3333333333333333
  313  	  116  	  1   	  66   	0.366120218579235
  314  	  108  	  14  	  61   	0.4098360655737705
  315  	  122  	  13  	  48   	0.3333333333333333
  316  	  121  	  8   	  54   	0.33879781420765026
  317  	  110  	  3   	  70   	0.3989071038251366
  318  	  113  	  8   	  62   	0.3825136612021858
  319  	  104  	  5   	  74   	0.43169398907103823
  320  	  108  	  3   	  72   	0.4098360655737705
  321  	  93   	  12  	  78   	0.4918032786885246
  322  	  108  	  5   	  70   	0.4098360655737705
  323  	  112  	  3   	  68   	0.3879781420765027
  324  	  95   	  5   	  83   	0.4808743169398907
  325  	  101  	  12  	  70   	0.44808743169398907
  326  	  105  	  14  	  64   	0.4262295081967213
  327  	  111  	  3   	  69   	0.39344262295081966
  328  	  104  	  1   	  78   	0.43169398907103823
  329  	  109  	  4   	  70   	0.40437158469945356
  330  	  106  	  8   	  69   	0.4207650273224044
  331  	  125  	  8   	  50   	0.31693989071038253
  332  	  106  	  15  	  62   	0.4207650273224044
  333  	  103  	  6   	  74   	0.4371584699453552
  334  	  107  	  1   	  75   	0.41530054644808745
  335  	  116  	  2   	  65   	0.366120218579235
  336  	  102  	  9   	  72   	0.4426229508196721
  337  	  116  	  5   	  62   	0.366120218579235
  338  	  110  	  6   	  67   	0.3989071038251366
  339  	  119  	  2   	  62   	0.34972677595628415
  340  	  88   	  11  	  84   	0.5191256830601093
  341  	  112  	  7   	  64   	0.3879781420765027
  342  	  102  	  13  	  68   	0.4426229508196721
  343  	  111  	  5   	  67   	0.39344262295081966
  344  	  107  	  4   	  72   	0.41530054644808745
  345  	  110  	  10  	  63   	0.3989071038251366
  346  	  109  	  9   	  65   	0.40437158469945356
  347  	  113  	  8   	  62   	0.3825136612021858
  348  	  114  	  9   	  60   	0.3770491803278688
  349  	  109  	  5   	  69   	0.40437158469945356
  350  	  111  	  4   	  68   	0.39344262295081966
  351  	  118  	  4   	  61   	0.3551912568306011
  352  	  118  	  6   	  59   	0.3551912568306011
  353  	  106  	  7   	  70   	0.4207650273224044
  354  	  106  	  7   	  70   	0.4207650273224044
  355  	  96   	  5   	  82   	0.47540983606557374
  356  	  112  	  3   	  68   	0.3879781420765027
  357  	  100  	  11  	  72   	0.453551912568306
  358  	  112  	  10  	  61   	0.3879781420765027
  359  	  106  	  11  	  66   	0.4207650273224044
  360  	  123  	  3   	  57   	0.32786885245901637
  361  	  120  	  9   	  54   	0.3442622950819672
  362  	  122  	  11  	  50   	0.3333333333333333
  363  	  115  	  5   	  63   	0.37158469945355194
  364  	  111  	  8   	  64   	0.39344262295081966
  365  	  117  	  14  	  52   	0.36065573770491804
  366  	  112  	  6   	  65   	0.3879781420765027
  367  	  105  	  1   	  77   	0.4262295081967213
  368  	  114  	  2   	  67   	0.3770491803278688
  369  	  104  	  2   	  77   	0.43169398907103823
  370  	  121  	  12  	  50   	0.33879781420765026
  371  	  104  	  12  	  67   	0.43169398907103823
  372  	  107  	  4   	  72   	0.41530054644808745
  373  	  110  	  7   	  66   	0.3989071038251366
  374  	  109  	  11  	  63   	0.40437158469945356
  375  	  93   	  19  	  71   	0.4918032786885246
  376  	  99   	  4   	  80   	0.45901639344262296
  377  	  105  	  3   	  75   	0.4262295081967213
  378  	  121  	  2   	  60   	0.33879781420765026
  379  	  115  	  8   	  60   	0.37158469945355194
  380  	  114  	  9   	  60   	0.3770491803278688
  381  	  124  	  2   	  57   	0.3224043715846995
  382  	  117  	  5   	  61   	0.36065573770491804
  383  	  96   	  6   	  81   	0.47540983606557374
  384  	  96   	  15  	  72   	0.47540983606557374
  385  	  129  	  1   	  53   	0.29508196721311475
  386  	  108  	  13  	  62   	0.4098360655737705
  387  	  109  	  13  	  61   	0.40437158469945356
  388  	  120  	  1   	  62   	0.3442622950819672
  389  	  104  	  7   	  72   	0.43169398907103823
  390  	  107  	  15  	  61   	0.41530054644808745
  391  	  110  	  10  	  63   	0.3989071038251366
  392  	  113  	  6   	  64   	0.3825136612021858
  393  	  99   	  15  	  69   	0.45901639344262296
  394  	  109  	  1   	  73   	0.40437158469945356
  395  	  109  	  6   	  68   	0.40437158469945356
  396  	  109  	  6   	  68   	0.40437158469945356
  397  	  118  	  4   	  61   	0.3551912568306011
  398  	  109  	  4   	  70   	0.40437158469945356
  399  	  110  	  5   	  68   	0.3989071038251366
  400  	  123  	  5   	  55   	0.32786885245901637
  401  	  107  	  5   	  71   	0.41530054644808745
  402  	  111  	  4   	  68   	0.39344262295081966
  403  	  122  	  1   	  60   	0.3333333333333333
  404  	  100  	  15  	  68   	0.453551912568306
  405  	  110  	  8   	  65   	0.3989071038251366
  406  	  118  	  4   	  61   	0.3551912568306011
  407  	  122  	  0   	  61   	0.3333333333333333
  408  	  112  	  2   	  69   	0.3879781420765027
  409  	  103  	  8   	  72   	0.4371584699453552
  410  	  124  	  0   	  59   	0.3224043715846995
  411  	  104  	  11  	  68   	0.43169398907103823
  412  	  120  	  3   	  60   	0.3442622950819672
  413  	  120  	  15  	  48   	0.3442622950819672
  414  	  117  	  5   	  61   	0.36065573770491804
  415  	  112  	  11  	  60   	0.3879781420765027
  416  	  101  	  6   	  76   	0.44808743169398907
  417  	  105  	  11  	  67   	0.4262295081967213
  418  	  120  	  4   	  59   	0.3442622950819672
  419  	  97   	  22  	  64   	0.46994535519125685
  420  	  107  	  2   	  74   	0.41530054644808745
  421  	  104  	  18  	  61   	0.43169398907103823
  422  	  120  	  3   	  60   	0.3442622950819672
  423  	  117  	  8   	  58   	0.36065573770491804
  424  	  98   	  13  	  72   	0.4644808743169399
  425  	  109  	  9   	  65   	0.40437158469945356
  426  	  103  	  4   	  76   	0.4371584699453552
  427  	  115  	  2   	  66   	0.37158469945355194
  428  	  109  	  1   	  73   	0.40437158469945356
  429  	  104  	  5   	  74   	0.43169398907103823
  430  	  111  	  11  	  61   	0.39344262295081966
  431  	  103  	  11  	  69   	0.4371584699453552
  432  	  103  	  10  	  70   	0.4371584699453552
  433  	  114  	  2   	  67   	0.3770491803278688
  434  	  115  	  9   	  59   	0.37158469945355194
  435  	  118  	  5   	  60   	0.3551912568306011
  436  	  109  	  6   	  68   	0.40437158469945356
  437  	  107  	  6   	  70   	0.41530054644808745
  438  	  118  	  0   	  65   	0.3551912568306011
  439  	  114  	  7   	  62   	0.3770491803278688
  440  	  112  	  5   	  66   	0.3879781420765027
  441  	  110  	  1   	  72   	0.3989071038251366
  442  	  107  	  2   	  74   	0.41530054644808745
  443  	  108  	  4   	  71   	0.4098360655737705
  444  	  108  	  12  	  63   	0.4098360655737705
  445  	  112  	  3   	  68   	0.3879781420765027
  446  	  113  	  7   	  63   	0.3825136612021858
  447  	  112  	  10  	  61   	0.3879781420765027
  448  	  111  	  12  	  60   	0.39344262295081966
  449  	  113  	  7   	  63   	0.3825136612021858
  450  	  111  	  0   	  72   	0.39344262295081966
  451  	  121  	  12  	  50   	0.33879781420765026
  452  	  113  	  3   	  67   	0.3825136612021858
  453  	  112  	  1   	  70   	0.3879781420765027
  454  	  113  	  7   	  63   	0.3825136612021858
  455  	  121  	  6   	  56   	0.33879781420765026
  456  	  123  	  6   	  54   	0.32786885245901637
  457  	  109  	  4   	  70   	0.40437158469945356
  458  	  127  	  9   	  47   	0.30601092896174864
  459  	  116  	  13  	  54   	0.366120218579235
  460  	  119  	  9   	  55   	0.34972677595628415
  461  	  127  	  6   	  50   	0.30601092896174864
  462  	  110  	  2   	  71   	0.3989071038251366
  463  	  106  	  11  	  66   	0.4207650273224044
  464  	  125  	  5   	  53   	0.31693989071038253
  465  	  97   	  14  	  72   	0.46994535519125685
  466  	  106  	  8   	  69   	0.4207650273224044
  467  	  118  	  11  	  54   	0.3551912568306011
  468  	  100  	  15  	  68   	0.453551912568306
  469  	  111  	  11  	  61   	0.39344262295081966
  470  	  112  	  6   	  65   	0.3879781420765027
  471  	  102  	  11  	  70   	0.4426229508196721
  472  	  109  	  15  	  59   	0.40437158469945356
  473  	  111  	  1   	  71   	0.39344262295081966
  474  	  114  	  2   	  67   	0.3770491803278688
  475  	  116  	  10  	  57   	0.366120218579235
  476  	  117  	  3   	  63   	0.36065573770491804
  477  	  122  	  6   	  55   	0.3333333333333333
  478  	  110  	  4   	  69   	0.3989071038251366
  479  	  114  	  4   	  65   	0.3770491803278688
  480  	  106  	  13  	  64   	0.4207650273224044
  481  	  106  	  4   	  73   	0.4207650273224044
  482  	  108  	  4   	  71   	0.4098360655737705
  483  	  101  	  9   	  73   	0.44808743169398907
  484  	  104  	  11  	  68   	0.43169398907103823
  485  	  120  	  8   	  55   	0.3442622950819672
  486  	  102  	  14  	  67   	0.4426229508196721
  487  	  109  	  1   	  73   	0.40437158469945356
  488  	  105  	  14  	  64   	0.4262295081967213
  489  	  117  	  9   	  57   	0.36065573770491804
  490  	  103  	  14  	  66   	0.4371584699453552
  491  	  111  	  2   	  70   	0.39344262295081966
  492  	  106  	  14  	  63   	0.4207650273224044
  493  	  120  	  1   	  62   	0.3442622950819672
  494  	  123  	  2   	  58   	0.32786885245901637
  495  	  107  	  0   	  76   	0.41530054644808745
  496  	  114  	  2   	  67   	0.3770491803278688
  497  	  121  	  2   	  60   	0.33879781420765026
  498  	  99   	  4   	  80   	0.45901639344262296
  499  	  112  	  10  	  61   	0.3879781420765027
  500  	  117  	  14  	  52   	0.36065573770491804
  501  	  109  	  5   	  69   	0.40437158469945356
  502  	  111  	  7   	  65   	0.39344262295081966
  503  	  102  	  18  	  63   	0.4426229508196721
  504  	  125  	  9   	  49   	0.31693989071038253
  505  	  99   	  9   	  75   	0.45901639344262296
  506  	  116  	  3   	  64   	0.366120218579235
  507  	  115  	  0   	  68   	0.37158469945355194
  508  	  88   	  10  	  85   	0.5191256830601093
  509  	  114  	  1   	  68   	0.3770491803278688
  510  	  94   	  8   	  81   	0.48633879781420764
  511  	  122  	  9   	  52   	0.3333333333333333
  512  	  107  	  9   	  67   	0.41530054644808745
  513  	  123  	  8   	  52   	0.32786885245901637
  514  	  106  	  7   	  70   	0.4207650273224044
  515  	  113  	  5   	  65   	0.3825136612021858
  516  	  115  	  4   	  64   	0.37158469945355194
  517  	  108  	  4   	  71   	0.4098360655737705
  518  	  106  	  8   	  69   	0.4207650273224044
  519  	  113  	  12  	  58   	0.3825136612021858
  520  	  106  	  5   	  72   	0.4207650273224044
  521  	  117  	  5   	  61   	0.36065573770491804
  522  	  119  	  2   	  62   	0.34972677595628415
  523  	  104  	  8   	  71   	0.43169398907103823
  524  	  110  	  10  	  63   	0.3989071038251366
  525  	  111  	  8   	  64   	0.39344262295081966
  526  	  112  	  4   	  67   	0.3879781420765027
  527  	  110  	  13  	  60   	0.3989071038251366
  528  	  107  	  1   	  75   	0.41530054644808745
  529  	  102  	  11  	  70   	0.4426229508196721
  530  	  113  	  4   	  66   	0.3825136612021858
  531  	  115  	  4   	  64   	0.37158469945355194
  532  	  121  	  6   	  56   	0.33879781420765026
  533  	  117  	  7   	  59   	0.36065573770491804
  534  	  118  	  5   	  60   	0.3551912568306011
  535  	  108  	  12  	  63   	0.4098360655737705
  536  	  115  	  6   	  62   	0.37158469945355194
  537  	  108  	  4   	  71   	0.4098360655737705
  538  	  107  	  7   	  69   	0.41530054644808745
  539  	  118  	  1   	  64   	0.3551912568306011
  540  	  117  	  13  	  53   	0.36065573770491804
  541  	  122  	  3   	  58   	0.3333333333333333
  542  	  105  	  3   	  75   	0.4262295081967213
  543  	  107  	  14  	  62   	0.41530054644808745
  544  	  117  	  5   	  61   	0.36065573770491804
  545  	  118  	  1   	  64   	0.3551912568306011
  546  	  123  	  0   	  60   	0.32786885245901637
  547  	  129  	  5   	  49   	0.29508196721311475
  548  	  100  	  15  	  68   	0.453551912568306
  549  	  120  	  1   	  62   	0.3442622950819672
  550  	  112  	  8   	  63   	0.3879781420765027
  551  	  103  	  14  	  66   	0.4371584699453552
  552  	  114  	  2   	  67   	0.3770491803278688
  553  	  105  	  11  	  67   	0.4262295081967213
  554  	  114  	  2   	  67   	0.3770491803278688
  555  	  102  	  1   	  80   	0.4426229508196721
  556  	  119  	  4   	  60   	0.34972677595628415
  557  	  121  	  2   	  60   	0.33879781420765026
  558  	  108  	  9   	  66   	0.4098360655737705
  559  	  116  	  6   	  61   	0.366120218579235
  560  	  119  	  6   	  58   	0.34972677595628415
  561  	  114  	  6   	  63   	0.3770491803278688
  562  	  100  	  2   	  81   	0.453551912568306
  563  	  115  	  7   	  61   	0.37158469945355194
  564  	  96   	  6   	  81   	0.47540983606557374
  565  	  114  	  2   	  67   	0.3770491803278688
  566  	  94   	  5   	  84   	0.48633879781420764
  567  	  108  	  16  	  59   	0.4098360655737705
  568  	  114  	  8   	  61   	0.3770491803278688
  569  	  126  	  3   	  54   	0.3114754098360656
  570  	  105  	  14  	  64   	0.4262295081967213
  571  	  108  	  20  	  55   	0.4098360655737705
  572  	  111  	  9   	  63   	0.39344262295081966
  573  	  108  	  7   	  68   	0.4098360655737705
  574  	  101  	  5   	  77   	0.44808743169398907
  575  	  100  	  5   	  78   	0.453551912568306
  576  	  110  	  4   	  69   	0.3989071038251366
  577  	  101  	  9   	  73   	0.44808743169398907
  578  	  115  	  4   	  64   	0.37158469945355194
  579  	  102  	  7   	  74   	0.4426229508196721
  580  	  117  	  14  	  52   	0.36065573770491804
  581  	  91   	  13  	  79   	0.5027322404371585
  582  	  99   	  27  	  57   	0.45901639344262296
  583  	  98   	  8   	  77   	0.4644808743169399
  584  	  115  	  6   	  62   	0.37158469945355194
  585  	  126  	  3   	  54   	0.3114754098360656
  586  	  112  	  6   	  65   	0.3879781420765027
  587  	  91   	  17  	  75   	0.5027322404371585
  588  	  120  	  4   	  59   	0.3442622950819672
  589  	  105  	  10  	  68   	0.4262295081967213
  590  	  107  	  11  	  65   	0.41530054644808745
  591  	  106  	  7   	  70   	0.4207650273224044
  592  	  96   	  14  	  73   	0.47540983606557374
  593  	  127  	  2   	  54   	0.30601092896174864
  594  	  119  	  1   	  63   	0.34972677595628415
  595  	  116  	  2   	  65   	0.366120218579235
  596  	  107  	  1   	  75   	0.41530054644808745
  597  	  124  	  4   	  55   	0.3224043715846995
  598  	  93   	  6   	  84   	0.4918032786885246
  599  	  118  	  3   	  62   	0.3551912568306011
  600  	  112  	  7   	  64   	0.3879781420765027
  601  	  122  	  5   	  56   	0.3333333333333333
  602  	  108  	  5   	  70   	0.4098360655737705
  603  	  105  	  10  	  68   	0.4262295081967213
  604  	  110  	  11  	  62   	0.3989071038251366
  605  	  111  	  9   	  63   	0.39344262295081966
  606  	  112  	  10  	  61   	0.3879781420765027
  607  	  109  	  1   	  73   	0.40437158469945356
  608  	  119  	  7   	  57   	0.34972677595628415
  609  	  125  	  5   	  53   	0.31693989071038253
  610  	  108  	  8   	  67   	0.4098360655737705
  611  	  101  	  10  	  72   	0.44808743169398907
  612  	  115  	  1   	  67   	0.37158469945355194
  613  	  113  	  3   	  67   	0.3825136612021858
  614  	  110  	  13  	  60   	0.3989071038251366
  615  	  122  	  5   	  56   	0.3333333333333333
  616  	  116  	  11  	  56   	0.366120218579235
  617  	  106  	  10  	  67   	0.4207650273224044
  618  	  100  	  14  	  69   	0.453551912568306
  619  	  119  	  2   	  62   	0.34972677595628415
  620  	  116  	  7   	  60   	0.366120218579235
  621  	  116  	  3   	  64   	0.366120218579235
  622  	  125  	  4   	  54   	0.31693989071038253
  623  	  118  	  2   	  63   	0.3551912568306011
  624  	  115  	  3   	  65   	0.37158469945355194
  625  	  112  	  9   	  62   	0.3879781420765027
  626  	  117  	  9   	  57   	0.36065573770491804
  627  	  108  	  10  	  65   	0.4098360655737705
  628  	  93   	  7   	  83   	0.4918032786885246
  629  	  101  	  14  	  68   	0.44808743169398907
  630  	  112  	  7   	  64   	0.3879781420765027
  631  	  99   	  6   	  78   	0.45901639344262296
  632  	  102  	  8   	  73   	0.4426229508196721
  633  	  106  	  5   	  72   	0.4207650273224044
  634  	  130  	  3   	  50   	0.2896174863387978
  635  	  102  	  10  	  71   	0.4426229508196721
  636  	  116  	  4   	  63   	0.366120218579235
  637  	  107  	  1   	  75   	0.41530054644808745
  638  	  107  	  7   	  69   	0.41530054644808745
  639  	  123  	  0   	  60   	0.32786885245901637
  640  	  110  	  7   	  66   	0.3989071038251366
  641  	  109  	  7   	  67   	0.40437158469945356
  642  	  88   	  6   	  89   	0.5191256830601093
  643  	  126  	  2   	  55   	0.3114754098360656
  644  	  108  	  9   	  66   	0.4098360655737705
  645  	  108  	  7   	  68   	0.4098360655737705
  646  	  116  	  6   	  61   	0.366120218579235
  647  	  112  	  17  	  54   	0.3879781420765027
  648  	  108  	  8   	  67   	0.4098360655737705
  649  	  106  	  11  	  66   	0.4207650273224044
  650  	  107  	  8   	  68   	0.41530054644808745
  651  	  106  	  5   	  72   	0.4207650273224044
  652  	  122  	  6   	  55   	0.3333333333333333
  653  	  123  	  9   	  51   	0.32786885245901637
  654  	  120  	  4   	  59   	0.3442622950819672
  655  	  93   	  9   	  81   	0.4918032786885246
  656  	  111  	  3   	  69   	0.39344262295081966
  657  	  101  	  20  	  62   	0.44808743169398907
  658  	  111  	  16  	  56   	0.39344262295081966
  659  	  121  	  6   	  56   	0.33879781420765026
  660  	  100  	  5   	  78   	0.453551912568306
  661  	  101  	  16  	  66   	0.44808743169398907
  662  	  112  	  13  	  58   	0.3879781420765027
  663  	  124  	  6   	  53   	0.3224043715846995
  664  	  123  	  9   	  51   	0.32786885245901637
  665  	  107  	  7   	  69   	0.41530054644808745
  666  	  103  	  8   	  72   	0.4371584699453552
  667  	  108  	  8   	  67   	0.4098360655737705
  668  	  108  	  11  	  64   	0.4098360655737705
  669  	  108  	  2   	  73   	0.4098360655737705
  670  	  107  	  6   	  70   	0.41530054644808745
  671  	  104  	  20  	  59   	0.43169398907103823
  672  	  116  	  8   	  59   	0.366120218579235
  673  	  124  	  5   	  54   	0.3224043715846995
  674  	  113  	  9   	  61   	0.3825136612021858
  675  	  102  	  8   	  73   	0.4426229508196721
  676  	  125  	  2   	  56   	0.31693989071038253
  677  	  101  	  10  	  72   	0.44808743169398907
  678  	  103  	  12  	  68   	0.4371584699453552
  679  	  118  	  8   	  57   	0.3551912568306011
  680  	  108  	  2   	  73   	0.4098360655737705
  681  	  115  	  2   	  66   	0.37158469945355194
  682  	  114  	  4   	  65   	0.3770491803278688
  683  	  117  	  3   	  63   	0.36065573770491804
  684  	  113  	  9   	  61   	0.3825136612021858
  685  	  110  	  6   	  67   	0.3989071038251366
  686  	  108  	  3   	  72   	0.4098360655737705
  687  	  112  	  4   	  67   	0.3879781420765027
  688  	  96   	  19  	  68   	0.47540983606557374
  689  	  105  	  5   	  73   	0.4262295081967213
  690  	  111  	  5   	  67   	0.39344262295081966
  691  	  105  	  4   	  74   	0.4262295081967213
  692  	  118  	  1   	  64   	0.3551912568306011
  693  	  99   	  13  	  71   	0.45901639344262296
  694  	  107  	  13  	  63   	0.41530054644808745
  695  	  113  	  3   	  67   	0.3825136612021858
  696  	  109  	  6   	  68   	0.40437158469945356
  697  	  117  	  11  	  55   	0.36065573770491804
  698  	  103  	  11  	  69   	0.4371584699453552
  699  	  109  	  13  	  61   	0.40437158469945356
  700  	  110  	  20  	  53   	0.3989071038251366
  701  	  93   	  7   	  83   	0.4918032786885246
  702  	  109  	  3   	  71   	0.40437158469945356
  703  	  96   	  18  	  69   	0.47540983606557374
  704  	  117  	  8   	  58   	0.36065573770491804
  705  	  110  	  2   	  71   	0.3989071038251366
  706  	  123  	  4   	  56   	0.32786885245901637
  707  	  120  	  4   	  59   	0.3442622950819672
  708  	  100  	  21  	  62   	0.453551912568306
  709  	  108  	  4   	  71   	0.4098360655737705
  710  	  101  	  1   	  81   	0.44808743169398907
  711  	  98   	  12  	  73   	0.4644808743169399
  712  	  114  	  8   	  61   	0.3770491803278688
  713  	  125  	  12  	  46   	0.31693989071038253
  714  	  110  	  2   	  71   	0.3989071038251366
  715  	  103  	  8   	  72   	0.4371584699453552
  716  	  118  	  18  	  47   	0.3551912568306011
  717  	  113  	  2   	  68   	0.3825136612021858
  718  	  105  	  17  	  61   	0.4262295081967213
  719  	  128  	  5   	  50   	0.3005464480874317
  720  	  116  	  8   	  59   	0.366120218579235
  721  	  114  	  2   	  67   	0.3770491803278688
  722  	  104  	  2   	  77   	0.43169398907103823
  723  	  106  	  3   	  74   	0.4207650273224044
  724  	  101  	  4   	  78   	0.44808743169398907
  725  	  118  	  3   	  62   	0.3551912568306011
  726  	  96   	  1   	  86   	0.47540983606557374
  727  	  104  	  2   	  77   	0.43169398907103823
  728  	  120  	  10  	  53   	0.3442622950819672
  729  	  102  	  10  	  71   	0.4426229508196721
  730  	  104  	  20  	  59   	0.43169398907103823
  731  	  120  	  5   	  58   	0.3442622950819672
  732  	  119  	  15  	  49   	0.34972677595628415
  733  	  116  	  11  	  56   	0.366120218579235
  734  	  103  	  11  	  69   	0.4371584699453552
  735  	  116  	  3   	  64   	0.366120218579235
  736  	  110  	  3   	  70   	0.3989071038251366
  737  	  118  	  3   	  62   	0.3551912568306011
  738  	  110  	  3   	  70   	0.3989071038251366
  739  	  118  	  1   	  64   	0.3551912568306011
  740  	  104  	  6   	  73   	0.43169398907103823
  741  	  107  	  3   	  73   	0.41530054644808745
  742  	  112  	  4   	  67   	0.3879781420765027
  743  	  115  	  5   	  63   	0.37158469945355194
  744  	  116  	  5   	  62   	0.366120218579235
  745  	  120  	  2   	  61   	0.3442622950819672
  746  	  93   	  12  	  78   	0.4918032786885246
  747  	  100  	  11  	  72   	0.453551912568306
  748  	  103  	  2   	  78   	0.4371584699453552
  749  	  120  	  7   	  56   	0.3442622950819672
  750  	  111  	  7   	  65   	0.39344262295081966
  751  	  97   	  5   	  81   	0.46994535519125685
  752  	  103  	  5   	  75   	0.4371584699453552
  753  	  105  	  15  	  63   	0.4262295081967213
  754  	  111  	  8   	  64   	0.39344262295081966
  755  	  110  	  7   	  66   	0.3989071038251366
  756  	  112  	  20  	  51   	0.3879781420765027
  757  	  114  	  4   	  65   	0.3770491803278688
  758  	  121  	  2   	  60   	0.33879781420765026
  759  	  107  	  13  	  63   	0.41530054644808745
  760  	  112  	  3   	  68   	0.3879781420765027
  761  	  113  	  6   	  64   	0.3825136612021858
  762  	  109  	  3   	  71   	0.40437158469945356
  763  	  112  	  4   	  67   	0.3879781420765027
  764  	  118  	  2   	  63   	0.3551912568306011
  765  	  100  	  8   	  75   	0.453551912568306
  766  	  112  	  8   	  63   	0.3879781420765027
  767  	  118  	  4   	  61   	0.3551912568306011
  768  	  119  	  1   	  63   	0.34972677595628415
  769  	  99   	  12  	  72   	0.45901639344262296
  770  	  108  	  2   	  73   	0.4098360655737705
  771  	  109  	  5   	  69   	0.40437158469945356
  772  	  110  	  11  	  62   	0.3989071038251366
  773  	  115  	  1   	  67   	0.37158469945355194
  774  	  93   	  10  	  80   	0.4918032786885246
  775  	  114  	  11  	  58   	0.3770491803278688
  776  	  117  	  1   	  65   	0.36065573770491804
  777  	  113  	  11  	  59   	0.3825136612021858
  778  	  104  	  9   	  70   	0.43169398907103823
  779  	  120  	  7   	  56   	0.3442622950819672
  780  	  112  	  12  	  59   	0.3879781420765027
  781  	  104  	  8   	  71   	0.43169398907103823
  782  	  100  	  11  	  72   	0.453551912568306
  783  	  115  	  9   	  59   	0.37158469945355194
  784  	  104  	  11  	  68   	0.43169398907103823
  785  	  110  	  1   	  72   	0.3989071038251366
  786  	  101  	  11  	  71   	0.44808743169398907
  787  	  102  	  2   	  79   	0.4426229508196721
  788  	  107  	  11  	  65   	0.41530054644808745
  789  	  112  	  2   	  69   	0.3879781420765027
  790  	  107  	  6   	  70   	0.41530054644808745
  791  	  122  	  7   	  54   	0.3333333333333333
  792  	  108  	  9   	  66   	0.4098360655737705
  793  	  108  	  3   	  72   	0.4098360655737705
  794  	  96   	  6   	  81   	0.47540983606557374
  795  	  111  	  5   	  67   	0.39344262295081966
  796  	  117  	  5   	  61   	0.36065573770491804
  797  	  124  	  2   	  57   	0.3224043715846995
  798  	  83   	  28  	  72   	0.546448087431694
  799  	  100  	  10  	  73   	0.453551912568306
  800  	  99   	  7   	  77   	0.45901639344262296
  801  	  101  	  7   	  75   	0.44808743169398907
  802  	  113  	  2   	  68   	0.3825136612021858
  803  	  101  	  10  	  72   	0.44808743169398907
  804  	  98   	  16  	  69   	0.4644808743169399
  805  	  124  	  7   	  52   	0.3224043715846995
  806  	  121  	  4   	  58   	0.33879781420765026
  807  	  117  	  3   	  63   	0.36065573770491804
  808  	  117  	  3   	  63   	0.36065573770491804
  809  	  100  	  9   	  74   	0.453551912568306
  810  	  112  	  9   	  62   	0.3879781420765027
  811  	  120  	  4   	  59   	0.3442622950819672
  812  	  107  	  11  	  65   	0.41530054644808745
  813  	  109  	  3   	  71   	0.40437158469945356
  814  	  107  	  9   	  67   	0.41530054644808745
  815  	  102  	  10  	  71   	0.4426229508196721
  816  	  116  	  12  	  55   	0.366120218579235
  817  	  135  	  4   	  44   	0.26229508196721313
  818  	  105  	  8   	  70   	0.4262295081967213
  819  	  115  	  7   	  61   	0.37158469945355194
  820  	  122  	  10  	  51   	0.3333333333333333
  821  	  111  	  16  	  56   	0.39344262295081966
  822  	  106  	  6   	  71   	0.4207650273224044
  823  	  103  	  9   	  71   	0.4371584699453552
  824  	  112  	  8   	  63   	0.3879781420765027
  825  	  95   	  7   	  81   	0.4808743169398907
  826  	  104  	  6   	  73   	0.43169398907103823
  827  	  111  	  6   	  66   	0.39344262295081966
  828  	  106  	  5   	  72   	0.4207650273224044
  829  	  109  	  6   	  68   	0.40437158469945356
  830  	  97   	  16  	  70   	0.46994535519125685
  831  	  95   	  6   	  82   	0.4808743169398907
  832  	  127  	  3   	  53   	0.30601092896174864
  833  	  94   	  5   	  84   	0.48633879781420764
  834  	  106  	  3   	  74   	0.4207650273224044
  835  	  106  	  6   	  71   	0.4207650273224044
  836  	  109  	  6   	  68   	0.40437158469945356
  837  	  124  	  6   	  53   	0.3224043715846995
  838  	  104  	  4   	  75   	0.43169398907103823
  839  	  119  	  4   	  60   	0.34972677595628415
  840  	  110  	  16  	  57   	0.3989071038251366
  841  	  99   	  21  	  63   	0.45901639344262296
  842  	  101  	  14  	  68   	0.44808743169398907
  843  	  116  	  8   	  59   	0.366120218579235
  844  	  111  	  6   	  66   	0.39344262295081966
  845  	  102  	  17  	  64   	0.4426229508196721
  846  	  107  	  9   	  67   	0.41530054644808745
  847  	  123  	  7   	  53   	0.32786885245901637
  848  	  104  	  15  	  64   	0.43169398907103823
  849  	  107  	  5   	  71   	0.41530054644808745
  850  	  121  	  7   	  55   	0.33879781420765026
  851  	  89   	  8   	  86   	0.5136612021857924
  852  	  101  	  3   	  79   	0.44808743169398907
  853  	  103  	  0   	  80   	0.4371584699453552
  854  	  103  	  8   	  72   	0.4371584699453552
  855  	  108  	  4   	  71   	0.4098360655737705
  856  	  108  	  8   	  67   	0.4098360655737705
  857  	  125  	  0   	  58   	0.31693989071038253
  858  	  117  	  6   	  60   	0.36065573770491804
  859  	  96   	  29  	  58   	0.47540983606557374
  860  	  102  	  4   	  77   	0.4426229508196721
  861  	  117  	  3   	  63   	0.36065573770491804
  862  	  113  	  6   	  64   	0.3825136612021858
  863  	  101  	  16  	  66   	0.44808743169398907
  864  	  114  	  3   	  66   	0.3770491803278688
  865  	  109  	  2   	  72   	0.40437158469945356
  866  	  106  	  11  	  66   	0.4207650273224044
  867  	  109  	  2   	  72   	0.40437158469945356
  868  	  118  	  9   	  56   	0.3551912568306011
  869  	  109  	  6   	  68   	0.40437158469945356
  870  	  116  	  3   	  64   	0.366120218579235
  871  	  118  	  4   	  61   	0.3551912568306011
  872  	  122  	  4   	  57   	0.3333333333333333
  873  	  115  	  5   	  63   	0.37158469945355194
  874  	  113  	  11  	  59   	0.3825136612021858
  875  	  121  	  8   	  54   	0.33879781420765026
  876  	  102  	  8   	  73   	0.4426229508196721
  877  	  109  	  5   	  69   	0.40437158469945356
  878  	  110  	  8   	  65   	0.3989071038251366
  879  	  116  	  0   	  67   	0.366120218579235
  880  	  122  	  9   	  52   	0.3333333333333333
  881  	  111  	  4   	  68   	0.39344262295081966
  882  	  115  	  8   	  60   	0.37158469945355194
  883  	  113  	  12  	  58   	0.3825136612021858
  884  	  114  	  2   	  67   	0.3770491803278688
  885  	  107  	  6   	  70   	0.41530054644808745
  886  	  110  	  11  	  62   	0.3989071038251366
  887  	  99   	  12  	  72   	0.45901639344262296
  888  	  103  	  5   	  75   	0.4371584699453552
  889  	  93   	  5   	  85   	0.4918032786885246
  890  	  115  	  6   	  62   	0.37158469945355194
  891  	  113  	  2   	  68   	0.3825136612021858
  892  	  108  	  4   	  71   	0.4098360655737705
  893  	  95   	  8   	  80   	0.4808743169398907
  894  	  119  	  10  	  54   	0.34972677595628415
  895  	  92   	  18  	  73   	0.4972677595628415
  896  	  103  	  7   	  73   	0.4371584699453552
  897  	  98   	  4   	  81   	0.4644808743169399
  898  	  112  	  9   	  62   	0.3879781420765027
  899  	  110  	  10  	  63   	0.3989071038251366
  900  	  83   	  19  	  81   	0.546448087431694
  901  	  106  	  12  	  65   	0.4207650273224044
  902  	  112  	  12  	  59   	0.3879781420765027
  903  	  118  	  2   	  63   	0.3551912568306011
  904  	  106  	  8   	  69   	0.4207650273224044
  905  	  104  	  8   	  71   	0.43169398907103823
  906  	  105  	  0   	  78   	0.4262295081967213
  907  	  117  	  10  	  56   	0.36065573770491804
  908  	  103  	  12  	  68   	0.4371584699453552
  909  	  122  	  2   	  59   	0.3333333333333333
  910  	  107  	  3   	  73   	0.41530054644808745
  911  	  110  	  6   	  67   	0.3989071038251366
  912  	  105  	  13  	  65   	0.4262295081967213
  913  	  109  	  4   	  70   	0.40437158469945356
  914  	  114  	  7   	  62   	0.3770491803278688
  915  	  119  	  3   	  61   	0.34972677595628415
  916  	  108  	  7   	  68   	0.4098360655737705
  917  	  121  	  2   	  60   	0.33879781420765026
  918  	  116  	  9   	  58   	0.366120218579235
  919  	  115  	  5   	  63   	0.37158469945355194
  920  	  100  	  6   	  77   	0.453551912568306
  921  	  112  	  9   	  62   	0.3879781420765027
  922  	  102  	  15  	  66   	0.4426229508196721
  923  	  106  	  3   	  74   	0.4207650273224044
  924  	  110  	  4   	  69   	0.3989071038251366
  925  	  116  	  10  	  57   	0.366120218579235
  926  	  107  	  2   	  74   	0.41530054644808745
  927  	  113  	  5   	  65   	0.3825136612021858
  928  	  112  	  10  	  61   	0.3879781420765027
  929  	  127  	  2   	  54   	0.30601092896174864
  930  	  116  	  1   	  66   	0.366120218579235
  931  	  121  	  3   	  59   	0.33879781420765026
  932  	  118  	  0   	  65   	0.3551912568306011
  933  	  100  	  5   	  78   	0.453551912568306
  934  	  100  	  13  	  70   	0.453551912568306
  935  	  120  	  2   	  61   	0.3442622950819672
  936  	  103  	  6   	  74   	0.4371584699453552
  937  	  106  	  6   	  71   	0.4207650273224044
  938  	  91   	  15  	  77   	0.5027322404371585
  939  	  105  	  4   	  74   	0.4262295081967213
  940  	  102  	  18  	  63   	0.4426229508196721
  941  	  103  	  2   	  78   	0.4371584699453552
  942  	  105  	  15  	  63   	0.4262295081967213
  943  	  110  	  5   	  68   	0.3989071038251366
  944  	  100  	  7   	  76   	0.453551912568306
  945  	  104  	  8   	  71   	0.43169398907103823
  946  	  106  	  5   	  72   	0.4207650273224044
  947  	  120  	  2   	  61   	0.3442622950819672
  948  	  107  	  17  	  59   	0.41530054644808745
  949  	  110  	  9   	  64   	0.3989071038251366
  950  	  112  	  3   	  68   	0.3879781420765027
  951  	  111  	  11  	  61   	0.39344262295081966
  952  	  114  	  11  	  58   	0.3770491803278688
  953  	  108  	  5   	  70   	0.4098360655737705
  954  	  108  	  8   	  67   	0.4098360655737705
  955  	  117  	  9   	  57   	0.36065573770491804
  956  	  108  	  7   	  68   	0.4098360655737705
  957  	  117  	  5   	  61   	0.36065573770491804
  958  	  110  	  5   	  68   	0.3989071038251366
  959  	  117  	  5   	  61   	0.36065573770491804
  960  	  119  	  6   	  58   	0.34972677595628415
  961  	  105  	  17  	  61   	0.4262295081967213
  962  	  117  	  2   	  64   	0.36065573770491804
  963  	  102  	  15  	  66   	0.4426229508196721
  964  	  96   	  6   	  81   	0.47540983606557374
  965  	  109  	  2   	  72   	0.40437158469945356
  966  	  103  	  10  	  70   	0.4371584699453552
  967  	  95   	  16  	  72   	0.4808743169398907
  968  	  110  	  4   	  69   	0.3989071038251366
  969  	  110  	  10  	  63   	0.3989071038251366
  970  	  94   	  29  	  60   	0.48633879781420764
  971  	  106  	  10  	  67   	0.4207650273224044
  972  	  112  	  7   	  64   	0.3879781420765027
  973  	  118  	  2   	  63   	0.3551912568306011
  974  	  108  	  6   	  69   	0.4098360655737705
  975  	  97   	  9   	  77   	0.46994535519125685
  976  	  116  	  10  	  57   	0.366120218579235
  977  	  107  	  8   	  68   	0.41530054644808745
  978  	  100  	  10  	  73   	0.453551912568306
  979  	  116  	  3   	  64   	0.366120218579235
  980  	  105  	  5   	  73   	0.4262295081967213
  981  	  109  	  5   	  69   	0.40437158469945356
  982  	  104  	  1   	  78   	0.43169398907103823
  983  	  91   	  13  	  79   	0.5027322404371585
  984  	  100  	  4   	  79   	0.453551912568306
  985  	  106  	  6   	  71   	0.4207650273224044
  986  	  91   	  8   	  84   	0.5027322404371585
  987  	  106  	  7   	  70   	0.4207650273224044
  988  	  119  	  2   	  62   	0.34972677595628415
  989  	  108  	  4   	  71   	0.4098360655737705
  990  	  112  	  4   	  67   	0.3879781420765027
  991  	  115  	  7   	  61   	0.37158469945355194
  992  	  108  	  4   	  71   	0.4098360655737705
  993  	  118  	  2   	  63   	0.3551912568306011
  994  	  120  	  1   	  62   	0.3442622950819672
  995  	  102  	  6   	  75   	0.4426229508196721
  996  	  105  	  23  	  55   	0.4262295081967213
  997  	  105  	  3   	  75   	0.4262295081967213
  998  	  110  	  10  	  63   	0.3989071038251366
  999  	  119  	  1   	  63   	0.34972677595628415
 1000  	  112  	  4   	  67   	0.3879781420765027
train_average: 110.052	tail_average:   7.11  	loops_average: 65.838 	Disorption rate: 0.3986229508196721
train_maximum:   135  	tail_maximum:    29   	loops_maximum:   89   
train_minimum:   83   	tail_minimum:    0    	loops_minimum:   44   
