 frame 	 train 	 tail 	 loops 
   1   	  183  	  0   	   0   
   2   	  183  	  0   	   0   
   3   	  183  	  0   	   0   
   4   	  183  	  0   	   0   
   5   	  183  	  0   	   0   
   6   	  183  	  0   	   0   
   7   	  183  	  0   	   0   
   8   	  183  	  0   	   0   
   9   	  183  	  0   	   0   
  10   	  183  	  0   	   0   
  11   	  182  	  0   	   1   
  12   	  183  	  0   	   0   
  13   	  183  	  0   	   0   
  14   	  183  	  0   	   0   
  15   	  183  	  0   	   0   
  16   	  183  	  0   	   0   
  17   	  181  	  2   	   0   
  18   	  183  	  0   	   0   
  19   	  183  	  0   	   0   
  20   	  183  	  0   	   0   
  21   	  183  	  0   	   0   
  22   	  182  	  0   	   1   
  23   	  182  	  0   	   1   
  24   	  183  	  0   	   0   
  25   	  183  	  0   	   0   
  26   	  183  	  0   	   0   
  27   	  183  	  0   	   0   
  28   	  182  	  1   	   0   
  29   	  183  	  0   	   0   
  30   	  183  	  0   	   0   
  31   	  183  	  0   	   0   
  32   	  183  	  0   	   0   
  33   	  183  	  0   	   0   
  34   	  183  	  0   	   0   
  35   	  183  	  0   	   0   
  36   	  183  	  0   	   0   
  37   	  183  	  0   	   0   
  38   	  183  	  0   	   0   
  39   	  183  	  0   	   0   
  40   	  183  	  0   	   0   
  41   	  183  	  0   	   0   
  42   	  182  	  0   	   1   
  43   	  183  	  0   	   0   
  44   	  182  	  0   	   1   
  45   	  183  	  0   	   0   
  46   	  181  	  0   	   2   
  47   	  183  	  0   	   0   
  48   	  183  	  0   	   0   
  49   	  183  	  0   	   0   
  50   	  183  	  0   	   0   
  51   	  182  	  0   	   1   
  52   	  182  	  0   	   1   
  53   	  182  	  0   	   1   
  54   	  183  	  0   	   0   
  55   	  183  	  0   	   0   
  56   	  183  	  0   	   0   
  57   	  183  	  0   	   0   
  58   	  183  	  0   	   0   
  59   	  183  	  0   	   0   
  60   	  182  	  0   	   1   
  61   	  183  	  0   	   0   
  62   	  183  	  0   	   0   
  63   	  183  	  0   	   0   
  64   	  183  	  0   	   0   
  65   	  183  	  0   	   0   
  66   	  181  	  0   	   2   
  67   	  183  	  0   	   0   
  68   	  183  	  0   	   0   
  69   	  183  	  0   	   0   
  70   	  183  	  0   	   0   
  71   	  183  	  0   	   0   
  72   	  183  	  0   	   0   
  73   	  183  	  0   	   0   
  74   	  183  	  0   	   0   
  75   	  183  	  0   	   0   
  76   	  182  	  1   	   0   
  77   	  183  	  0   	   0   
  78   	  183  	  0   	   0   
  79   	  183  	  0   	   0   
  80   	  183  	  0   	   0   
  81   	  183  	  0   	   0   
  82   	  183  	  0   	   0   
  83   	  183  	  0   	   0   
  84   	  181  	  0   	   2   
  85   	  182  	  1   	   0   
  86   	  183  	  0   	   0   
  87   	  183  	  0   	   0   
  88   	  183  	  0   	   0   
  89   	  183  	  0   	   0   
  90   	  183  	  0   	   0   
  91   	  183  	  0   	   0   
  92   	  183  	  0   	   0   
  93   	  183  	  0   	   0   
  94   	  183  	  0   	   0   
  95   	  182  	  0   	   1   
  96   	  182  	  0   	   1   
  97   	  182  	  0   	   1   
  98   	  183  	  0   	   0   
  99   	  182  	  1   	   0   
  100  	  183  	  0   	   0   
  101  	  183  	  0   	   0   
  102  	  183  	  0   	   0   
  103  	  181  	  0   	   2   
  104  	  182  	  0   	   1   
  105  	  183  	  0   	   0   
  106  	  180  	  0   	   3   
  107  	  182  	  0   	   1   
  108  	  183  	  0   	   0   
  109  	  183  	  0   	   0   
  110  	  183  	  0   	   0   
  111  	  182  	  0   	   1   
  112  	  182  	  0   	   1   
  113  	  183  	  0   	   0   
  114  	  179  	  0   	   4   
  115  	  183  	  0   	   0   
  116  	  183  	  0   	   0   
  117  	  182  	  0   	   1   
  118  	  182  	  0   	   1   
  119  	  181  	  1   	   1   
  120  	  183  	  0   	   0   
  121  	  183  	  0   	   0   
  122  	  178  	  0   	   5   
  123  	  183  	  0   	   0   
  124  	  182  	  0   	   1   
  125  	  181  	  0   	   2   
  126  	  181  	  0   	   2   
  127  	  182  	  0   	   1   
  128  	  183  	  0   	   0   
  129  	  180  	  1   	   2   
  130  	  181  	  0   	   2   
  131  	  180  	  0   	   3   
  132  	  181  	  0   	   2   
  133  	  174  	  0   	   9   
  134  	  183  	  0   	   0   
  135  	  182  	  0   	   1   
  136  	  183  	  0   	   0   
  137  	  178  	  0   	   5   
  138  	  183  	  0   	   0   
  139  	  181  	  0   	   2   
  140  	  183  	  0   	   0   
  141  	  183  	  0   	   0   
  142  	  180  	  0   	   3   
  143  	  180  	  0   	   3   
  144  	  183  	  0   	   0   
  145  	  183  	  0   	   0   
  146  	  182  	  0   	   1   
  147  	  183  	  0   	   0   
  148  	  183  	  0   	   0   
  149  	  183  	  0   	   0   
  150  	  183  	  0   	   0   
  151  	  183  	  0   	   0   
  152  	  183  	  0   	   0   
  153  	  183  	  0   	   0   
  154  	  183  	  0   	   0   
  155  	  183  	  0   	   0   
  156  	  182  	  0   	   1   
  157  	  183  	  0   	   0   
  158  	  183  	  0   	   0   
  159  	  183  	  0   	   0   
  160  	  180  	  0   	   3   
  161  	  182  	  1   	   0   
  162  	  183  	  0   	   0   
  163  	  182  	  0   	   1   
  164  	  182  	  1   	   0   
  165  	  183  	  0   	   0   
  166  	  183  	  0   	   0   
  167  	  181  	  0   	   2   
  168  	  183  	  0   	   0   
  169  	  183  	  0   	   0   
  170  	  183  	  0   	   0   
  171  	  183  	  0   	   0   
  172  	  183  	  0   	   0   
  173  	  183  	  0   	   0   
  174  	  181  	  0   	   2   
  175  	  180  	  0   	   3   
  176  	  180  	  0   	   3   
  177  	  179  	  0   	   4   
  178  	  177  	  0   	   6   
  179  	  183  	  0   	   0   
  180  	  183  	  0   	   0   
  181  	  182  	  0   	   1   
  182  	  183  	  0   	   0   
  183  	  182  	  0   	   1   
  184  	  183  	  0   	   0   
  185  	  183  	  0   	   0   
  186  	  183  	  0   	   0   
  187  	  183  	  0   	   0   
  188  	  183  	  0   	   0   
  189  	  183  	  0   	   0   
  190  	  183  	  0   	   0   
  191  	  182  	  0   	   1   
  192  	  181  	  0   	   2   
  193  	  183  	  0   	   0   
  194  	  177  	  0   	   6   
  195  	  183  	  0   	   0   
  196  	  180  	  0   	   3   
  197  	  183  	  0   	   0   
  198  	  183  	  0   	   0   
  199  	  182  	  1   	   0   
  200  	  175  	  4   	   4   
  201  	  180  	  0   	   3   
  202  	  182  	  0   	   1   
  203  	  178  	  0   	   5   
  204  	  181  	  1   	   1   
  205  	  175  	  5   	   3   
  206  	  183  	  0   	   0   
  207  	  182  	  0   	   1   
  208  	  183  	  0   	   0   
  209  	  180  	  0   	   3   
  210  	  183  	  0   	   0   
  211  	  181  	  1   	   1   
  212  	  183  	  0   	   0   
  213  	  181  	  0   	   2   
  214  	  183  	  0   	   0   
  215  	  183  	  0   	   0   
  216  	  181  	  0   	   2   
  217  	  182  	  0   	   1   
  218  	  182  	  0   	   1   
  219  	  183  	  0   	   0   
  220  	  182  	  0   	   1   
  221  	  182  	  0   	   1   
  222  	  182  	  0   	   1   
  223  	  181  	  0   	   2   
  224  	  182  	  0   	   1   
  225  	  181  	  0   	   2   
  226  	  182  	  0   	   1   
  227  	  182  	  0   	   1   
  228  	  182  	  0   	   1   
  229  	  183  	  0   	   0   
  230  	  181  	  2   	   0   
  231  	  183  	  0   	   0   
  232  	  183  	  0   	   0   
  233  	  183  	  0   	   0   
  234  	  180  	  0   	   3   
  235  	  182  	  0   	   1   
  236  	  182  	  0   	   1   
  237  	  183  	  0   	   0   
  238  	  182  	  0   	   1   
  239  	  183  	  0   	   0   
  240  	  182  	  1   	   0   
  241  	  182  	  1   	   0   
  242  	  182  	  0   	   1   
  243  	  182  	  1   	   0   
  244  	  182  	  0   	   1   
  245  	  183  	  0   	   0   
  246  	  179  	  2   	   2   
  247  	  181  	  1   	   1   
  248  	  183  	  0   	   0   
  249  	  183  	  0   	   0   
  250  	  183  	  0   	   0   
  251  	  182  	  1   	   0   
  252  	  182  	  0   	   1   
  253  	  183  	  0   	   0   
  254  	  183  	  0   	   0   
  255  	  181  	  0   	   2   
  256  	  182  	  0   	   1   
  257  	  181  	  0   	   2   
  258  	  181  	  0   	   2   
  259  	  179  	  0   	   4   
  260  	  181  	  0   	   2   
  261  	  181  	  0   	   2   
  262  	  181  	  0   	   2   
  263  	  182  	  0   	   1   
  264  	  179  	  0   	   4   
  265  	  182  	  0   	   1   
  266  	  182  	  0   	   1   
  267  	  175  	  3   	   5   
  268  	  175  	  0   	   8   
  269  	  183  	  0   	   0   
  270  	  181  	  0   	   2   
  271  	  182  	  0   	   1   
  272  	  180  	  1   	   2   
  273  	  182  	  0   	   1   
  274  	  183  	  0   	   0   
  275  	  181  	  1   	   1   
  276  	  181  	  1   	   1   
  277  	  180  	  0   	   3   
  278  	  182  	  0   	   1   
  279  	  180  	  1   	   2   
  280  	  182  	  0   	   1   
  281  	  183  	  0   	   0   
  282  	  183  	  0   	   0   
  283  	  183  	  0   	   0   
  284  	  183  	  0   	   0   
  285  	  183  	  0   	   0   
  286  	  183  	  0   	   0   
  287  	  183  	  0   	   0   
  288  	  181  	  2   	   0   
  289  	  183  	  0   	   0   
  290  	  182  	  1   	   0   
  291  	  183  	  0   	   0   
  292  	  183  	  0   	   0   
  293  	  183  	  0   	   0   
  294  	  183  	  0   	   0   
  295  	  182  	  1   	   0   
  296  	  183  	  0   	   0   
  297  	  183  	  0   	   0   
  298  	  183  	  0   	   0   
  299  	  181  	  0   	   2   
  300  	  183  	  0   	   0   
  301  	  183  	  0   	   0   
  302  	  183  	  0   	   0   
  303  	  183  	  0   	   0   
  304  	  183  	  0   	   0   
  305  	  183  	  0   	   0   
  306  	  183  	  0   	   0   
  307  	  181  	  0   	   2   
  308  	  183  	  0   	   0   
  309  	  182  	  1   	   0   
  310  	  181  	  1   	   1   
  311  	  183  	  0   	   0   
  312  	  181  	  0   	   2   
  313  	  183  	  0   	   0   
  314  	  183  	  0   	   0   
  315  	  183  	  0   	   0   
  316  	  183  	  0   	   0   
  317  	  182  	  1   	   0   
  318  	  183  	  0   	   0   
  319  	  181  	  2   	   0   
  320  	  183  	  0   	   0   
  321  	  178  	  0   	   5   
  322  	  183  	  0   	   0   
  323  	  183  	  0   	   0   
  324  	  183  	  0   	   0   
  325  	  183  	  0   	   0   
  326  	  182  	  0   	   1   
  327  	  183  	  0   	   0   
  328  	  183  	  0   	   0   
  329  	  183  	  0   	   0   
  330  	  183  	  0   	   0   
  331  	  183  	  0   	   0   
  332  	  183  	  0   	   0   
  333  	  183  	  0   	   0   
  334  	  182  	  1   	   0   
  335  	  183  	  0   	   0   
  336  	  183  	  0   	   0   
  337  	  183  	  0   	   0   
  338  	  183  	  0   	   0   
  339  	  183  	  0   	   0   
  340  	  183  	  0   	   0   
  341  	  183  	  0   	   0   
  342  	  183  	  0   	   0   
  343  	  183  	  0   	   0   
  344  	  183  	  0   	   0   
  345  	  182  	  0   	   1   
  346  	  183  	  0   	   0   
  347  	  183  	  0   	   0   
  348  	  183  	  0   	   0   
  349  	  183  	  0   	   0   
  350  	  183  	  0   	   0   
  351  	  183  	  0   	   0   
  352  	  183  	  0   	   0   
  353  	  183  	  0   	   0   
  354  	  183  	  0   	   0   
  355  	  183  	  0   	   0   
  356  	  183  	  0   	   0   
  357  	  183  	  0   	   0   
  358  	  183  	  0   	   0   
  359  	  183  	  0   	   0   
  360  	  183  	  0   	   0   
  361  	  183  	  0   	   0   
  362  	  183  	  0   	   0   
  363  	  183  	  0   	   0   
  364  	  182  	  0   	   1   
  365  	  183  	  0   	   0   
  366  	  183  	  0   	   0   
  367  	  183  	  0   	   0   
  368  	  183  	  0   	   0   
  369  	  183  	  0   	   0   
  370  	  183  	  0   	   0   
  371  	  179  	  0   	   4   
  372  	  183  	  0   	   0   
  373  	  183  	  0   	   0   
  374  	  183  	  0   	   0   
  375  	  183  	  0   	   0   
  376  	  182  	  1   	   0   
  377  	  183  	  0   	   0   
  378  	  183  	  0   	   0   
  379  	  183  	  0   	   0   
  380  	  183  	  0   	   0   
  381  	  183  	  0   	   0   
  382  	  183  	  0   	   0   
  383  	  183  	  0   	   0   
  384  	  183  	  0   	   0   
  385  	  183  	  0   	   0   
  386  	  182  	  1   	   0   
  387  	  183  	  0   	   0   
  388  	  183  	  0   	   0   
  389  	  182  	  0   	   1   
  390  	  183  	  0   	   0   
  391  	  183  	  0   	   0   
  392  	  183  	  0   	   0   
  393  	  183  	  0   	   0   
  394  	  183  	  0   	   0   
  395  	  183  	  0   	   0   
  396  	  183  	  0   	   0   
  397  	  183  	  0   	   0   
  398  	  183  	  0   	   0   
  399  	  183  	  0   	   0   
  400  	  183  	  0   	   0   
  401  	  183  	  0   	   0   
  402  	  183  	  0   	   0   
  403  	  183  	  0   	   0   
  404  	  183  	  0   	   0   
  405  	  183  	  0   	   0   
  406  	  183  	  0   	   0   
  407  	  183  	  0   	   0   
  408  	  183  	  0   	   0   
  409  	  183  	  0   	   0   
  410  	  183  	  0   	   0   
  411  	  183  	  0   	   0   
  412  	  183  	  0   	   0   
  413  	  183  	  0   	   0   
  414  	  178  	  0   	   5   
  415  	  182  	  0   	   1   
  416  	  183  	  0   	   0   
  417  	  180  	  0   	   3   
  418  	  183  	  0   	   0   
  419  	  181  	  0   	   2   
  420  	  182  	  0   	   1   
  421  	  183  	  0   	   0   
  422  	  183  	  0   	   0   
  423  	  183  	  0   	   0   
  424  	  183  	  0   	   0   
  425  	  183  	  0   	   0   
  426  	  183  	  0   	   0   
  427  	  181  	  0   	   2   
  428  	  183  	  0   	   0   
  429  	  183  	  0   	   0   
  430  	  183  	  0   	   0   
  431  	  183  	  0   	   0   
  432  	  183  	  0   	   0   
  433  	  182  	  0   	   1   
  434  	  182  	  0   	   1   
  435  	  183  	  0   	   0   
  436  	  180  	  0   	   3   
  437  	  182  	  1   	   0   
  438  	  180  	  0   	   3   
  439  	  179  	  1   	   3   
  440  	  176  	  1   	   6   
  441  	  180  	  0   	   3   
  442  	  181  	  0   	   2   
  443  	  181  	  0   	   2   
  444  	  183  	  0   	   0   
  445  	  182  	  0   	   1   
  446  	  183  	  0   	   0   
  447  	  183  	  0   	   0   
  448  	  181  	  0   	   2   
  449  	  183  	  0   	   0   
  450  	  183  	  0   	   0   
  451  	  183  	  0   	   0   
  452  	  183  	  0   	   0   
  453  	  183  	  0   	   0   
  454  	  183  	  0   	   0   
  455  	  183  	  0   	   0   
  456  	  183  	  0   	   0   
  457  	  183  	  0   	   0   
  458  	  183  	  0   	   0   
  459  	  183  	  0   	   0   
  460  	  183  	  0   	   0   
  461  	  183  	  0   	   0   
  462  	  183  	  0   	   0   
  463  	  183  	  0   	   0   
  464  	  183  	  0   	   0   
  465  	  183  	  0   	   0   
  466  	  183  	  0   	   0   
  467  	  182  	  1   	   0   
  468  	  183  	  0   	   0   
  469  	  183  	  0   	   0   
  470  	  183  	  0   	   0   
  471  	  183  	  0   	   0   
  472  	  183  	  0   	   0   
  473  	  183  	  0   	   0   
  474  	  183  	  0   	   0   
  475  	  183  	  0   	   0   
  476  	  183  	  0   	   0   
  477  	  183  	  0   	   0   
  478  	  182  	  0   	   1   
  479  	  183  	  0   	   0   
  480  	  183  	  0   	   0   
  481  	  182  	  0   	   1   
  482  	  181  	  1   	   1   
  483  	  183  	  0   	   0   
  484  	  180  	  0   	   3   
  485  	  183  	  0   	   0   
  486  	  183  	  0   	   0   
  487  	  182  	  0   	   1   
  488  	  182  	  0   	   1   
  489  	  183  	  0   	   0   
  490  	  183  	  0   	   0   
  491  	  183  	  0   	   0   
  492  	  182  	  0   	   1   
  493  	  180  	  2   	   1   
  494  	  183  	  0   	   0   
  495  	  180  	  2   	   1   
  496  	  182  	  0   	   1   
  497  	  181  	  0   	   2   
  498  	  183  	  0   	   0   
  499  	  182  	  0   	   1   
  500  	  183  	  0   	   0   
  501  	  183  	  0   	   0   
  502  	  183  	  0   	   0   
  503  	  183  	  0   	   0   
  504  	  183  	  0   	   0   
  505  	  183  	  0   	   0   
  506  	  183  	  0   	   0   
  507  	  183  	  0   	   0   
  508  	  183  	  0   	   0   
  509  	  182  	  1   	   0   
  510  	  183  	  0   	   0   
  511  	  181  	  0   	   2   
  512  	  183  	  0   	   0   
  513  	  183  	  0   	   0   
  514  	  183  	  0   	   0   
  515  	  183  	  0   	   0   
  516  	  183  	  0   	   0   
  517  	  183  	  0   	   0   
  518  	  183  	  0   	   0   
  519  	  183  	  0   	   0   
  520  	  183  	  0   	   0   
  521  	  183  	  0   	   0   
  522  	  183  	  0   	   0   
  523  	  183  	  0   	   0   
  524  	  182  	  0   	   1   
  525  	  183  	  0   	   0   
  526  	  183  	  0   	   0   
  527  	  183  	  0   	   0   
  528  	  179  	  2   	   2   
  529  	  183  	  0   	   0   
  530  	  179  	  1   	   3   
  531  	  180  	  0   	   3   
  532  	  183  	  0   	   0   
  533  	  182  	  0   	   1   
  534  	  183  	  0   	   0   
  535  	  183  	  0   	   0   
  536  	  182  	  0   	   1   
  537  	  182  	  0   	   1   
  538  	  183  	  0   	   0   
  539  	  183  	  0   	   0   
  540  	  183  	  0   	   0   
  541  	  183  	  0   	   0   
  542  	  183  	  0   	   0   
  543  	  182  	  0   	   1   
  544  	  179  	  0   	   4   
  545  	  180  	  0   	   3   
  546  	  176  	  0   	   7   
  547  	  181  	  1   	   1   
  548  	  181  	  0   	   2   
  549  	  181  	  0   	   2   
  550  	  183  	  0   	   0   
  551  	  182  	  1   	   0   
  552  	  183  	  0   	   0   
  553  	  183  	  0   	   0   
  554  	  183  	  0   	   0   
  555  	  183  	  0   	   0   
  556  	  182  	  0   	   1   
  557  	  183  	  0   	   0   
  558  	  183  	  0   	   0   
  559  	  183  	  0   	   0   
  560  	  183  	  0   	   0   
  561  	  177  	  2   	   4   
  562  	  181  	  1   	   1   
  563  	  183  	  0   	   0   
  564  	  183  	  0   	   0   
  565  	  183  	  0   	   0   
  566  	  183  	  0   	   0   
  567  	  181  	  0   	   2   
  568  	  183  	  0   	   0   
  569  	  182  	  0   	   1   
  570  	  181  	  0   	   2   
  571  	  183  	  0   	   0   
  572  	  176  	  0   	   7   
  573  	  181  	  0   	   2   
  574  	  181  	  0   	   2   
  575  	  182  	  0   	   1   
  576  	  181  	  0   	   2   
  577  	  182  	  0   	   1   
  578  	  183  	  0   	   0   
  579  	  183  	  0   	   0   
  580  	  183  	  0   	   0   
  581  	  181  	  0   	   2   
  582  	  181  	  0   	   2   
  583  	  179  	  0   	   4   
  584  	  179  	  0   	   4   
  585  	  180  	  2   	   1   
  586  	  181  	  0   	   2   
  587  	  180  	  0   	   3   
  588  	  183  	  0   	   0   
  589  	  181  	  1   	   1   
  590  	  183  	  0   	   0   
  591  	  167  	  6   	  10   
  592  	  181  	  1   	   1   
  593  	  169  	  0   	  14   
  594  	  168  	  1   	  14   
  595  	  166  	  0   	  17   
  596  	  181  	  0   	   2   
  597  	  182  	  0   	   1   
  598  	  182  	  0   	   1   
  599  	  182  	  0   	   1   
  600  	  182  	  0   	   1   
  601  	  183  	  0   	   0   
  602  	  181  	  0   	   2   
  603  	  182  	  0   	   1   
  604  	  182  	  0   	   1   
  605  	  181  	  0   	   2   
  606  	  182  	  0   	   1   
  607  	  183  	  0   	   0   
  608  	  182  	  0   	   1   
  609  	  182  	  0   	   1   
  610  	  179  	  1   	   3   
  611  	  175  	  0   	   8   
  612  	  180  	  0   	   3   
  613  	  181  	  0   	   2   
  614  	  182  	  1   	   0   
  615  	  180  	  1   	   2   
  616  	  182  	  0   	   1   
  617  	  181  	  0   	   2   
  618  	  174  	  0   	   9   
  619  	  178  	  0   	   5   
  620  	  180  	  0   	   3   
  621  	  183  	  0   	   0   
  622  	  183  	  0   	   0   
  623  	  182  	  0   	   1   
  624  	  183  	  0   	   0   
  625  	  183  	  0   	   0   
  626  	  183  	  0   	   0   
  627  	  180  	  0   	   3   
  628  	  181  	  0   	   2   
  629  	  183  	  0   	   0   
  630  	  183  	  0   	   0   
  631  	  183  	  0   	   0   
  632  	  182  	  0   	   1   
  633  	  183  	  0   	   0   
  634  	  183  	  0   	   0   
  635  	  183  	  0   	   0   
  636  	  178  	  0   	   5   
  637  	  182  	  0   	   1   
  638  	  182  	  0   	   1   
  639  	  183  	  0   	   0   
  640  	  183  	  0   	   0   
  641  	  183  	  0   	   0   
  642  	  182  	  0   	   1   
  643  	  182  	  0   	   1   
  644  	  183  	  0   	   0   
  645  	  183  	  0   	   0   
  646  	  182  	  0   	   1   
  647  	  180  	  0   	   3   
  648  	  182  	  0   	   1   
  649  	  182  	  0   	   1   
  650  	  182  	  0   	   1   
  651  	  183  	  0   	   0   
  652  	  183  	  0   	   0   
  653  	  182  	  0   	   1   
  654  	  183  	  0   	   0   
  655  	  183  	  0   	   0   
  656  	  180  	  3   	   0   
  657  	  183  	  0   	   0   
  658  	  183  	  0   	   0   
  659  	  183  	  0   	   0   
  660  	  183  	  0   	   0   
  661  	  183  	  0   	   0   
  662  	  183  	  0   	   0   
  663  	  182  	  0   	   1   
  664  	  183  	  0   	   0   
  665  	  183  	  0   	   0   
  666  	  183  	  0   	   0   
  667  	  183  	  0   	   0   
  668  	  183  	  0   	   0   
  669  	  183  	  0   	   0   
  670  	  183  	  0   	   0   
  671  	  183  	  0   	   0   
  672  	  183  	  0   	   0   
  673  	  183  	  0   	   0   
  674  	  183  	  0   	   0   
  675  	  183  	  0   	   0   
  676  	  183  	  0   	   0   
  677  	  183  	  0   	   0   
  678  	  183  	  0   	   0   
  679  	  183  	  0   	   0   
  680  	  183  	  0   	   0   
  681  	  183  	  0   	   0   
  682  	  182  	  1   	   0   
  683  	  183  	  0   	   0   
  684  	  183  	  0   	   0   
  685  	  181  	  2   	   0   
  686  	  183  	  0   	   0   
  687  	  181  	  1   	   1   
  688  	  183  	  0   	   0   
  689  	  183  	  0   	   0   
  690  	  183  	  0   	   0   
  691  	  180  	  0   	   3   
  692  	  175  	  0   	   8   
  693  	  172  	  0   	  11   
  694  	  175  	  1   	   7   
  695  	  180  	  0   	   3   
  696  	  180  	  0   	   3   
  697  	  181  	  0   	   2   
  698  	  183  	  0   	   0   
  699  	  183  	  0   	   0   
  700  	  183  	  0   	   0   
  701  	  182  	  0   	   1   
  702  	  182  	  0   	   1   
  703  	  182  	  0   	   1   
  704  	  183  	  0   	   0   
  705  	  180  	  2   	   1   
  706  	  183  	  0   	   0   
  707  	  183  	  0   	   0   
  708  	  183  	  0   	   0   
  709  	  183  	  0   	   0   
  710  	  182  	  0   	   1   
  711  	  183  	  0   	   0   
  712  	  183  	  0   	   0   
  713  	  182  	  0   	   1   
  714  	  183  	  0   	   0   
  715  	  183  	  0   	   0   
  716  	  183  	  0   	   0   
  717  	  183  	  0   	   0   
  718  	  183  	  0   	   0   
  719  	  183  	  0   	   0   
  720  	  183  	  0   	   0   
  721  	  183  	  0   	   0   
  722  	  183  	  0   	   0   
  723  	  183  	  0   	   0   
  724  	  183  	  0   	   0   
  725  	  183  	  0   	   0   
  726  	  183  	  0   	   0   
  727  	  183  	  0   	   0   
  728  	  180  	  0   	   3   
  729  	  179  	  0   	   4   
  730  	  181  	  0   	   2   
  731  	  183  	  0   	   0   
  732  	  183  	  0   	   0   
  733  	  181  	  0   	   2   
  734  	  183  	  0   	   0   
  735  	  179  	  0   	   4   
  736  	  183  	  0   	   0   
  737  	  174  	  0   	   9   
  738  	  179  	  2   	   2   
  739  	  173  	  3   	   7   
  740  	  183  	  0   	   0   
  741  	  179  	  0   	   4   
  742  	  181  	  0   	   2   
  743  	  172  	  0   	  11   
  744  	  174  	  0   	   9   
  745  	  182  	  0   	   1   
  746  	  182  	  0   	   1   
  747  	  180  	  0   	   3   
  748  	  175  	  0   	   8   
  749  	  181  	  0   	   2   
  750  	  182  	  0   	   1   
  751  	  183  	  0   	   0   
  752  	  182  	  0   	   1   
  753  	  180  	  0   	   3   
  754  	  179  	  0   	   4   
  755  	  181  	  2   	   0   
  756  	  180  	  0   	   3   
  757  	  176  	  0   	   7   
  758  	  181  	  0   	   2   
  759  	  181  	  0   	   2   
  760  	  183  	  0   	   0   
  761  	  182  	  0   	   1   
  762  	  183  	  0   	   0   
  763  	  183  	  0   	   0   
  764  	  182  	  0   	   1   
  765  	  183  	  0   	   0   
  766  	  183  	  0   	   0   
  767  	  183  	  0   	   0   
  768  	  183  	  0   	   0   
  769  	  183  	  0   	   0   
  770  	  183  	  0   	   0   
  771  	  181  	  2   	   0   
  772  	  183  	  0   	   0   
  773  	  181  	  0   	   2   
  774  	  183  	  0   	   0   
  775  	  182  	  0   	   1   
  776  	  183  	  0   	   0   
  777  	  183  	  0   	   0   
  778  	  182  	  1   	   0   
  779  	  183  	  0   	   0   
  780  	  178  	  0   	   5   
  781  	  181  	  1   	   1   
  782  	  183  	  0   	   0   
  783  	  179  	  0   	   4   
  784  	  183  	  0   	   0   
  785  	  183  	  0   	   0   
  786  	  183  	  0   	   0   
  787  	  177  	  0   	   6   
  788  	  183  	  0   	   0   
  789  	  183  	  0   	   0   
  790  	  183  	  0   	   0   
  791  	  182  	  0   	   1   
  792  	  182  	  0   	   1   
  793  	  178  	  0   	   5   
  794  	  183  	  0   	   0   
  795  	  183  	  0   	   0   
  796  	  183  	  0   	   0   
  797  	  183  	  0   	   0   
  798  	  183  	  0   	   0   
  799  	  183  	  0   	   0   
  800  	  183  	  0   	   0   
  801  	  183  	  0   	   0   
  802  	  183  	  0   	   0   
  803  	  183  	  0   	   0   
  804  	  183  	  0   	   0   
  805  	  183  	  0   	   0   
  806  	  183  	  0   	   0   
  807  	  183  	  0   	   0   
  808  	  183  	  0   	   0   
  809  	  183  	  0   	   0   
  810  	  183  	  0   	   0   
  811  	  183  	  0   	   0   
  812  	  183  	  0   	   0   
  813  	  183  	  0   	   0   
  814  	  183  	  0   	   0   
  815  	  183  	  0   	   0   
  816  	  183  	  0   	   0   
  817  	  183  	  0   	   0   
  818  	  183  	  0   	   0   
  819  	  183  	  0   	   0   
  820  	  183  	  0   	   0   
  821  	  183  	  0   	   0   
  822  	  183  	  0   	   0   
  823  	  183  	  0   	   0   
  824  	  183  	  0   	   0   
  825  	  183  	  0   	   0   
  826  	  183  	  0   	   0   
  827  	  183  	  0   	   0   
  828  	  183  	  0   	   0   
  829  	  183  	  0   	   0   
  830  	  183  	  0   	   0   
  831  	  183  	  0   	   0   
  832  	  183  	  0   	   0   
  833  	  183  	  0   	   0   
  834  	  183  	  0   	   0   
  835  	  182  	  0   	   1   
  836  	  182  	  0   	   1   
  837  	  183  	  0   	   0   
  838  	  183  	  0   	   0   
  839  	  183  	  0   	   0   
  840  	  183  	  0   	   0   
  841  	  183  	  0   	   0   
  842  	  183  	  0   	   0   
  843  	  183  	  0   	   0   
  844  	  183  	  0   	   0   
  845  	  183  	  0   	   0   
  846  	  183  	  0   	   0   
  847  	  183  	  0   	   0   
  848  	  183  	  0   	   0   
  849  	  183  	  0   	   0   
  850  	  183  	  0   	   0   
  851  	  183  	  0   	   0   
  852  	  182  	  0   	   1   
  853  	  178  	  0   	   5   
  854  	  182  	  0   	   1   
  855  	  181  	  0   	   2   
  856  	  179  	  1   	   3   
  857  	  180  	  0   	   3   
  858  	  183  	  0   	   0   
  859  	  183  	  0   	   0   
  860  	  182  	  0   	   1   
  861  	  183  	  0   	   0   
  862  	  180  	  0   	   3   
  863  	  183  	  0   	   0   
  864  	  182  	  0   	   1   
  865  	  183  	  0   	   0   
  866  	  183  	  0   	   0   
  867  	  182  	  0   	   1   
  868  	  183  	  0   	   0   
  869  	  183  	  0   	   0   
  870  	  183  	  0   	   0   
  871  	  183  	  0   	   0   
  872  	  183  	  0   	   0   
  873  	  182  	  0   	   1   
  874  	  183  	  0   	   0   
  875  	  183  	  0   	   0   
  876  	  183  	  0   	   0   
  877  	  183  	  0   	   0   
  878  	  182  	  0   	   1   
  879  	  183  	  0   	   0   
  880  	  183  	  0   	   0   
  881  	  183  	  0   	   0   
  882  	  182  	  0   	   1   
  883  	  182  	  0   	   1   
  884  	  180  	  0   	   3   
  885  	  183  	  0   	   0   
  886  	  183  	  0   	   0   
  887  	  183  	  0   	   0   
  888  	  183  	  0   	   0   
  889  	  183  	  0   	   0   
  890  	  182  	  0   	   1   
  891  	  181  	  1   	   1   
  892  	  182  	  1   	   0   
  893  	  182  	  0   	   1   
  894  	  183  	  0   	   0   
  895  	  183  	  0   	   0   
  896  	  183  	  0   	   0   
  897  	  183  	  0   	   0   
  898  	  183  	  0   	   0   
  899  	  183  	  0   	   0   
  900  	  183  	  0   	   0   
  901  	  183  	  0   	   0   
  902  	  183  	  0   	   0   
  903  	  183  	  0   	   0   
  904  	  183  	  0   	   0   
  905  	  183  	  0   	   0   
  906  	  183  	  0   	   0   
  907  	  183  	  0   	   0   
  908  	  183  	  0   	   0   
  909  	  183  	  0   	   0   
  910  	  183  	  0   	   0   
  911  	  183  	  0   	   0   
  912  	  183  	  0   	   0   
  913  	  183  	  0   	   0   
  914  	  183  	  0   	   0   
  915  	  183  	  0   	   0   
  916  	  182  	  0   	   1   
  917  	  183  	  0   	   0   
  918  	  183  	  0   	   0   
  919  	  183  	  0   	   0   
  920  	  183  	  0   	   0   
  921  	  183  	  0   	   0   
  922  	  183  	  0   	   0   
  923  	  183  	  0   	   0   
  924  	  182  	  0   	   1   
  925  	  183  	  0   	   0   
  926  	  183  	  0   	   0   
  927  	  183  	  0   	   0   
  928  	  183  	  0   	   0   
  929  	  183  	  0   	   0   
  930  	  183  	  0   	   0   
  931  	  183  	  0   	   0   
  932  	  183  	  0   	   0   
  933  	  183  	  0   	   0   
  934  	  183  	  0   	   0   
  935  	  182  	  1   	   0   
  936  	  181  	  2   	   0   
  937  	  183  	  0   	   0   
  938  	  183  	  0   	   0   
  939  	  183  	  0   	   0   
  940  	  182  	  1   	   0   
  941  	  183  	  0   	   0   
  942  	  183  	  0   	   0   
  943  	  183  	  0   	   0   
  944  	  183  	  0   	   0   
  945  	  183  	  0   	   0   
  946  	  183  	  0   	   0   
  947  	  183  	  0   	   0   
  948  	  182  	  0   	   1   
  949  	  183  	  0   	   0   
  950  	  183  	  0   	   0   
  951  	  183  	  0   	   0   
  952  	  183  	  0   	   0   
  953  	  183  	  0   	   0   
  954  	  183  	  0   	   0   
  955  	  183  	  0   	   0   
  956  	  183  	  0   	   0   
  957  	  183  	  0   	   0   
  958  	  182  	  1   	   0   
  959  	  183  	  0   	   0   
  960  	  183  	  0   	   0   
  961  	  183  	  0   	   0   
  962  	  183  	  0   	   0   
  963  	  182  	  1   	   0   
  964  	  183  	  0   	   0   
  965  	  183  	  0   	   0   
  966  	  183  	  0   	   0   
  967  	  183  	  0   	   0   
  968  	  183  	  0   	   0   
  969  	  183  	  0   	   0   
  970  	  183  	  0   	   0   
  971  	  183  	  0   	   0   
  972  	  183  	  0   	   0   
  973  	  183  	  0   	   0   
  974  	  183  	  0   	   0   
  975  	  183  	  0   	   0   
  976  	  183  	  0   	   0   
  977  	  183  	  0   	   0   
  978  	  183  	  0   	   0   
  979  	  183  	  0   	   0   
  980  	  182  	  1   	   0   
  981  	  183  	  0   	   0   
  982  	  182  	  0   	   1   
  983  	  181  	  0   	   2   
  984  	  183  	  0   	   0   
  985  	  183  	  0   	   0   
  986  	  183  	  0   	   0   
  987  	  182  	  0   	   1   
  988  	  182  	  0   	   1   
  989  	  183  	  0   	   0   
  990  	  183  	  0   	   0   
  991  	  183  	  0   	   0   
  992  	  183  	  0   	   0   
  993  	  183  	  0   	   0   
  994  	  183  	  0   	   0   
  995  	  183  	  0   	   0   
  996  	  183  	  0   	   0   
  997  	  183  	  0   	   0   
  998  	  183  	  0   	   0   
  999  	  183  	  0   	   0   
 1000  	  183  	  0   	   0   
train_average: 182.168
tail_average: 0.113
loops_average: 0.719

